11 0 doc05996 1
11 0 doc05998 1
11 0 doc06002 1
11 0 doc06008 1
11 0 doc06011 1
11 0 doc06013 1
11 0 doc06050 1
11 0 doc06080 1
11 0 doc06084 1
11 0 doc06092 1
11 0 doc06096 1
11 0 doc06110 1
11 0 doc07324 1
12 0 doc00638 1
12 0 doc00893 1
12 0 doc00912 1
12 0 doc02658 1
12 0 doc03366 1
12 0 doc03368 1
12 0 doc04062 1
12 0 doc05772 1
12 0 doc05810 1
12 0 doc06118 1
12 0 doc06136 1
12 0 doc06236 1
12 0 doc06241 1
12 0 doc06250 1
12 0 doc06251 1
12 0 doc06329 1
12 0 doc06413 1
12 0 doc06477 1
12 0 doc06479 1
12 0 doc06520 1
12 0 doc06533 1
12 0 doc06549 1
12 0 doc06582 1
12 0 doc06704 1
12 0 doc06799 1
12 0 doc06937 1
12 0 doc07928 1
12 0 doc08075 1
13 0 doc04771 1
13 0 doc04888 1
13 0 doc04958 1
13 0 doc05174 1
13 0 doc05195 1
13 0 doc05232 1
13 0 doc05238 1
13 0 doc05316 1
13 0 doc05407 1
13 0 doc05781 1
13 0 doc05787 1
13 0 doc05793 1
13 0 doc05852 1
13 0 doc05870 1
13 0 doc05893 1
13 0 doc05959 1
13 0 doc05989 1
13 0 doc06164 1
13 0 doc06171 1
13 0 doc06481 1
13 0 doc06572 1
13 0 doc06644 1
13 0 doc06717 1
13 0 doc06738 1
13 0 doc06741 1
13 0 doc06766 1
13 0 doc06767 1
13 0 doc06850 1
13 0 doc06967 1
13 0 doc06993 1
13 0 doc07003 1
13 0 doc07009 1
13 0 doc07017 1
13 0 doc07028 1
13 0 doc07030 1
13 0 doc07034 1
13 0 doc07037 1
13 0 doc07041 1
13 0 doc07043 1
13 0 doc07044 1
13 0 doc07046 1
13 0 doc07048 1
13 0 doc07054 1
13 0 doc07060 1
13 0 doc07061 1
13 0 doc07063 1
13 0 doc07064 1
13 0 doc07067 1
13 0 doc07072 1
13 0 doc07091 1
13 0 doc07099 1
13 0 doc07101 1
13 0 doc07103 1
13 0 doc07104 1
13 0 doc07144 1
13 0 doc07145 1
13 0 doc07146 1
13 0 doc07149 1
13 0 doc07156 1
13 0 doc07164 1
13 0 doc07167 1
13 0 doc07173 1
13 0 doc07177 1
13 0 doc07178 1
13 0 doc07181 1
13 0 doc07183 1
13 0 doc07188 1
13 0 doc07189 1
13 0 doc07193 1
13 0 doc07206 1
13 0 doc07207 1
13 0 doc07208 1
13 0 doc07211 1
13 0 doc07213 1
13 0 doc07216 1
13 0 doc07219 1
13 0 doc07236 1
13 0 doc07238 1
13 0 doc07239 1
13 0 doc07240 1
13 0 doc07242 1
13 0 doc07243 1
13 0 doc07250 1
13 0 doc07254 1
13 0 doc07256 1
13 0 doc07271 1
13 0 doc07278 1
13 0 doc07280 1
13 0 doc07287 1
13 0 doc07290 1
13 0 doc07293 1
13 0 doc07294 1
13 0 doc07296 1
13 0 doc07297 1
13 0 doc07301 1
13 0 doc07303 1
13 0 doc07312 1
13 0 doc07315 1
13 0 doc07326 1
13 0 doc07327 1
13 0 doc07328 1
13 0 doc07359 1
13 0 doc07370 1
13 0 doc07375 1
13 0 doc07376 1
13 0 doc07394 1
13 0 doc07401 1
13 0 doc07410 1
13 0 doc07412 1
13 0 doc07413 1
13 0 doc07414 1
13 0 doc07417 1
13 0 doc07420 1
13 0 doc07421 1
13 0 doc07423 1
13 0 doc07436 1
13 0 doc07438 1
13 0 doc07444 1
13 0 doc07447 1
13 0 doc07453 1
13 0 doc07456 1
13 0 doc07464 1
13 0 doc07469 1
13 0 doc07472 1
13 0 doc07474 1
13 0 doc07477 1
13 0 doc07488 1
13 0 doc07492 1
13 0 doc07494 1
13 0 doc07499 1
13 0 doc07500 1
13 0 doc07502 1
13 0 doc07504 1
13 0 doc07507 1
13 0 doc07512 1
13 0 doc07513 1
13 0 doc07526 1
13 0 doc07530 1
13 0 doc07540 1
13 0 doc07574 1
13 0 doc07628 1
13 0 doc08791 1
13 0 doc08798 1
13 0 doc08997 1
14 0 doc00431 1
14 0 doc01286 1
14 0 doc01388 1
14 0 doc01792 1
14 0 doc02422 1
14 0 doc03978 1
14 0 doc03989 1
14 0 doc04048 1
14 0 doc04790 1
14 0 doc05152 1
14 0 doc05391 1
14 0 doc05766 1
14 0 doc05903 1
14 0 doc06129 1
14 0 doc06384 1
14 0 doc06801 1
14 0 doc07010 1
14 0 doc07734 1
14 0 doc07856 1
14 0 doc08015 1
14 0 doc08546 1
14 0 doc08951 1
15 0 doc00085 1
15 0 doc00389 1
15 0 doc00428 1
15 0 doc00483 1
15 0 doc00545 1
15 0 doc00589 1
15 0 doc00605 1
15 0 doc00616 1
15 0 doc00764 1
15 0 doc00798 1
15 0 doc00881 1
15 0 doc00883 1
15 0 doc00887 1
15 0 doc00919 1
15 0 doc00944 1
15 0 doc00991 1
15 0 doc01014 1
15 0 doc01029 1
15 0 doc01058 1
15 0 doc01254 1
15 0 doc01259 1
15 0 doc01299 1
15 0 doc01323 1
15 0 doc01513 1
15 0 doc01961 1
15 0 doc03013 1
15 0 doc03159 1
15 0 doc03198 1
15 0 doc03268 1
15 0 doc03299 1
15 0 doc03375 1
15 0 doc03386 1
15 0 doc03435 1
15 0 doc03437 1
15 0 doc03448 1
15 0 doc03479 1
15 0 doc03681 1
15 0 doc05393 1
15 0 doc05802 1
15 0 doc06492 1
15 0 doc06732 1
15 0 doc06756 1
15 0 doc07541 1
15 0 doc07869 1
15 0 doc08346 1
15 0 doc08467 1
15 0 doc08471 1
16 0 doc05829 1
16 0 doc06958 1
17 0 doc00137 1
17 0 doc00138 1
17 0 doc00654 1
17 0 doc01414 1
17 0 doc01672 1
17 0 doc03802 1
17 0 doc04490 1
17 0 doc06059 1
17 0 doc06964 1
18 0 doc00074 1
18 0 doc00639 1
18 0 doc00643 1
18 0 doc00646 1
18 0 doc02490 1
18 0 doc02759 1
18 0 doc04391 1
18 0 doc04393 1
18 0 doc04395 1
18 0 doc07490 1
18 0 doc08042 1
19 0 doc02970 1
19 0 doc03824 1
19 0 doc03837 1
19 0 doc03859 1
19 0 doc03866 1
19 0 doc03962 1
19 0 doc03972 1
19 0 doc03979 1
19 0 doc03983 1
19 0 doc03986 1
19 0 doc04004 1
19 0 doc04172 1
19 0 doc04279 1
20 0 doc00181 1
20 0 doc00286 1
20 0 doc00947 1
20 0 doc01120 1
20 0 doc01121 1
20 0 doc01128 1
20 0 doc01129 1
20 0 doc01213 1
20 0 doc01221 1
20 0 doc01372 1
20 0 doc01596 1
20 0 doc01789 1
20 0 doc01917 1
20 0 doc02123 1
20 0 doc02223 1
20 0 doc02390 1
20 0 doc02640 1
20 0 doc02649 1
20 0 doc02650 1
20 0 doc03357 1
20 0 doc03409 1
20 0 doc03410 1
20 0 doc03627 1
20 0 doc03658 1
20 0 doc04218 1
20 0 doc04288 1
20 0 doc04448 1
20 0 doc04501 1
20 0 doc04526 1
20 0 doc04921 1
20 0 doc05046 1
20 0 doc05120 1
20 0 doc05159 1
20 0 doc05367 1
20 0 doc05882 1
20 0 doc05884 1
20 0 doc05954 1
20 0 doc06453 1
20 0 doc06458 1
20 0 doc07080 1
20 0 doc07085 1
20 0 doc07479 1
20 0 doc07564 1
20 0 doc07568 1
20 0 doc07758 1
20 0 doc07841 1
20 0 doc07924 1
20 0 doc08204 1
20 0 doc08336 1
20 0 doc08365 1
20 0 doc08366 1
20 0 doc08445 1
20 0 doc08459 1
20 0 doc09005 1
20 0 doc09144 1
21 0 doc02061 1
21 0 doc03332 1
21 0 doc03343 1
21 0 doc05122 1
21 0 doc06697 1
21 0 doc08226 1
21 0 doc08342 1
21 0 doc08344 1
21 0 doc09009 1
22 0 doc00081 1
22 0 doc00288 1
22 0 doc00294 1
22 0 doc00410 1
22 0 doc00666 1
22 0 doc01016 1
22 0 doc01045 1
22 0 doc01097 1
22 0 doc01305 1
22 0 doc01317 1
22 0 doc01401 1
22 0 doc01823 1
22 0 doc01871 1
22 0 doc02791 1
22 0 doc02907 1
22 0 doc02918 1
22 0 doc02964 1
22 0 doc02998 1
22 0 doc03096 1
22 0 doc03123 1
22 0 doc03128 1
22 0 doc03228 1
22 0 doc03301 1
22 0 doc03496 1
22 0 doc03807 1
22 0 doc03883 1
22 0 doc04177 1
22 0 doc04336 1
22 0 doc05891 1
22 0 doc05979 1
22 0 doc06516 1
22 0 doc08027 1
22 0 doc08504 1
22 0 doc08513 1
22 0 doc08605 1
22 0 doc08631 1
22 0 doc08886 1
22 0 doc08890 1
22 0 doc08900 1
22 0 doc09033 1
23 0 doc00207 1
23 0 doc00217 1
23 0 doc00232 1
23 0 doc00282 1
23 0 doc00308 1
23 0 doc00311 1
23 0 doc00338 1
23 0 doc00347 1
23 0 doc00348 1
23 0 doc00351 1
23 0 doc00353 1
23 0 doc00358 1
23 0 doc00391 1
23 0 doc00398 1
23 0 doc00403 1
23 0 doc00432 1
23 0 doc00433 1
23 0 doc00445 1
23 0 doc00451 1
23 0 doc00468 1
23 0 doc00470 1
23 0 doc00527 1
23 0 doc00532 1
23 0 doc00535 1
23 0 doc00536 1
23 0 doc00544 1
23 0 doc00546 1
23 0 doc00547 1
23 0 doc00555 1
23 0 doc00559 1
23 0 doc00560 1
23 0 doc00565 1
23 0 doc00567 1
23 0 doc00568 1
23 0 doc00569 1
23 0 doc00574 1
23 0 doc00580 1
23 0 doc00581 1
23 0 doc00595 1
23 0 doc00608 1
23 0 doc00635 1
23 0 doc00652 1
23 0 doc00662 1
23 0 doc00757 1
23 0 doc00843 1
23 0 doc00860 1
23 0 doc00868 1
23 0 doc01126 1
23 0 doc01294 1
23 0 doc01326 1
23 0 doc01327 1
23 0 doc01658 1
23 0 doc01732 1
23 0 doc02132 1
23 0 doc02164 1
23 0 doc02168 1
23 0 doc02402 1
23 0 doc02415 1
23 0 doc02486 1
23 0 doc02682 1
23 0 doc02937 1
23 0 doc03029 1
23 0 doc03459 1
23 0 doc03474 1
23 0 doc03478 1
23 0 doc03588 1
23 0 doc03937 1
23 0 doc04786 1
23 0 doc05421 1
23 0 doc08257 1
23 0 doc08260 1
23 0 doc08261 1
23 0 doc08265 1
23 0 doc08267 1
23 0 doc08268 1
23 0 doc08269 1
23 0 doc08280 1
23 0 doc08283 1
23 0 doc08298 1
23 0 doc08313 1
23 0 doc08871 1
23 0 doc09013 1
24 0 doc03350 1
24 0 doc06152 1
24 0 doc06355 1
24 0 doc06498 1
24 0 doc06502 1
24 0 doc08023 1
24 0 doc08207 1
25 0 doc03689 1
25 0 doc03763 1
25 0 doc05480 1
25 0 doc05494 1
25 0 doc05719 1
25 0 doc07068 1
25 0 doc08578 1
26 0 doc00209 1
26 0 doc00249 1
26 0 doc00305 1
26 0 doc00584 1
26 0 doc00640 1
26 0 doc00658 1
26 0 doc01306 1
26 0 doc01568 1
26 0 doc02804 1
26 0 doc02834 1
26 0 doc03272 1
26 0 doc04123 1
26 0 doc05113 1
26 0 doc05266 1
26 0 doc05292 1
26 0 doc05364 1
26 0 doc05389 1
26 0 doc05551 1
26 0 doc05610 1
26 0 doc05620 1
26 0 doc05622 1
26 0 doc05624 1
26 0 doc05645 1
26 0 doc05653 1
26 0 doc05692 1
26 0 doc05760 1
26 0 doc06190 1
26 0 doc06385 1
26 0 doc06396 1
26 0 doc06397 1
26 0 doc07510 1
26 0 doc07789 1
26 0 doc08105 1
26 0 doc08230 1
26 0 doc08244 1
26 0 doc08350 1
26 0 doc08408 1
26 0 doc08450 1
26 0 doc08456 1
26 0 doc08530 1
26 0 doc08679 1
26 0 doc08753 1
27 0 doc00096 1
27 0 doc00202 1
27 0 doc00279 1
27 0 doc00335 1
27 0 doc00361 1
27 0 doc01515 1
27 0 doc01666 1
27 0 doc01673 1
27 0 doc01793 1
27 0 doc01813 1
27 0 doc01814 1
27 0 doc01830 1
27 0 doc01843 1
27 0 doc01846 1
27 0 doc01882 1
27 0 doc01892 1
27 0 doc01896 1
27 0 doc01912 1
27 0 doc01919 1
27 0 doc01925 1
27 0 doc01933 1
27 0 doc01940 1
27 0 doc01947 1
27 0 doc01952 1
27 0 doc01953 1
27 0 doc01958 1
27 0 doc01965 1
27 0 doc01976 1
27 0 doc01980 1
27 0 doc01997 1
27 0 doc01998 1
27 0 doc02000 1
27 0 doc02001 1
27 0 doc02002 1
27 0 doc02003 1
27 0 doc02004 1
27 0 doc02007 1
27 0 doc02008 1
27 0 doc02012 1
27 0 doc02013 1
27 0 doc02014 1
27 0 doc02015 1
27 0 doc02019 1
27 0 doc02020 1
27 0 doc02021 1
27 0 doc02022 1
27 0 doc02023 1
27 0 doc02025 1
27 0 doc02026 1
27 0 doc02028 1
27 0 doc02029 1
27 0 doc02030 1
27 0 doc02032 1
27 0 doc02033 1
27 0 doc02038 1
27 0 doc02042 1
27 0 doc02046 1
27 0 doc02056 1
27 0 doc02063 1
27 0 doc02066 1
27 0 doc02124 1
27 0 doc02125 1
27 0 doc02126 1
27 0 doc02143 1
27 0 doc02193 1
27 0 doc02198 1
27 0 doc02235 1
27 0 doc02240 1
27 0 doc02248 1
27 0 doc02408 1
27 0 doc02411 1
27 0 doc02452 1
27 0 doc02463 1
27 0 doc02469 1
27 0 doc02526 1
27 0 doc02528 1
27 0 doc02530 1
27 0 doc02558 1
27 0 doc02763 1
27 0 doc02850 1
27 0 doc02911 1
27 0 doc03001 1
27 0 doc03028 1
27 0 doc03225 1
27 0 doc03237 1
27 0 doc03278 1
27 0 doc03302 1
27 0 doc03447 1
27 0 doc03488 1
27 0 doc03598 1
27 0 doc03612 1
27 0 doc03615 1
27 0 doc03683 1
27 0 doc04087 1
27 0 doc04209 1
27 0 doc05243 1
27 0 doc05585 1
27 0 doc05820 1
27 0 doc05984 1
27 0 doc06034 1
27 0 doc06064 1
27 0 doc06224 1
27 0 doc06228 1
27 0 doc06259 1
27 0 doc06261 1
27 0 doc06263 1
27 0 doc06280 1
27 0 doc06312 1
27 0 doc06314 1
27 0 doc06319 1
27 0 doc06350 1
27 0 doc06391 1
27 0 doc06410 1
27 0 doc06437 1
27 0 doc06474 1
27 0 doc06518 1
27 0 doc06519 1
27 0 doc06523 1
27 0 doc06529 1
27 0 doc06531 1
27 0 doc06532 1
27 0 doc06535 1
27 0 doc06539 1
27 0 doc06547 1
27 0 doc06552 1
27 0 doc06554 1
27 0 doc06556 1
27 0 doc06557 1
27 0 doc06560 1
27 0 doc06576 1
27 0 doc06619 1
27 0 doc06673 1
27 0 doc07011 1
27 0 doc07169 1
27 0 doc07233 1
27 0 doc07235 1
27 0 doc07286 1
27 0 doc07310 1
27 0 doc08383 1
27 0 doc08491 1
27 0 doc08501 1
27 0 doc08599 1
27 0 doc08802 1
28 0 doc04406 1
28 0 doc04410 1
28 0 doc04412 1
28 0 doc04415 1
28 0 doc04417 1
28 0 doc04420 1
28 0 doc04425 1
28 0 doc04427 1
28 0 doc04429 1
28 0 doc04431 1
28 0 doc04434 1
28 0 doc04438 1
28 0 doc04442 1
28 0 doc04446 1
28 0 doc04449 1
28 0 doc04450 1
28 0 doc04451 1
28 0 doc04453 1
28 0 doc04456 1
28 0 doc04462 1
28 0 doc04464 1
28 0 doc04467 1
28 0 doc04479 1
28 0 doc04503 1
28 0 doc04506 1
28 0 doc04512 1
28 0 doc04638 1
28 0 doc05025 1
28 0 doc05088 1
28 0 doc05094 1
28 0 doc07901 1
29 0 doc00176 1
29 0 doc00653 1
29 0 doc02795 1
29 0 doc05656 1
29 0 doc05834 1
29 0 doc05926 1
29 0 doc05975 1
29 0 doc05977 1
29 0 doc06018 1
29 0 doc06071 1
29 0 doc06112 1
29 0 doc06125 1
29 0 doc06133 1
29 0 doc06150 1
29 0 doc06155 1
29 0 doc06159 1
29 0 doc06160 1
29 0 doc06161 1
29 0 doc06163 1
29 0 doc06165 1
29 0 doc06167 1
29 0 doc06174 1
29 0 doc06179 1
29 0 doc06181 1
29 0 doc06185 1
29 0 doc06188 1
29 0 doc06189 1
29 0 doc06193 1
29 0 doc06197 1
29 0 doc06201 1
29 0 doc06212 1
29 0 doc06218 1
29 0 doc06222 1
29 0 doc06233 1
29 0 doc06234 1
29 0 doc06276 1
29 0 doc06328 1
29 0 doc06392 1
29 0 doc06584 1
29 0 doc06688 1
29 0 doc06822 1
29 0 doc07210 1
29 0 doc07308 1
29 0 doc07931 1
30 0 doc06418 1
30 0 doc07357 1
31 0 doc05124 1
31 0 doc05130 1
31 0 doc05146 1
31 0 doc07843 1
31 0 doc08025 1
32 0 doc00424 1
32 0 doc02888 1
32 0 doc03145 1
32 0 doc03325 1
32 0 doc03372 1
32 0 doc03483 1
32 0 doc03517 1
32 0 doc03562 1
32 0 doc03576 1
32 0 doc03587 1
32 0 doc03599 1
32 0 doc03608 1
32 0 doc03609 1
32 0 doc04079 1
32 0 doc04100 1
32 0 doc04197 1
32 0 doc04200 1
32 0 doc04223 1
32 0 doc04240 1
32 0 doc04251 1
32 0 doc04252 1
32 0 doc04259 1
32 0 doc04265 1
32 0 doc04290 1
32 0 doc04306 1
32 0 doc04308 1
32 0 doc04314 1
32 0 doc04322 1
32 0 doc04325 1
32 0 doc04350 1
32 0 doc04357 1
32 0 doc04366 1
32 0 doc04371 1
32 0 doc04385 1
32 0 doc04436 1
32 0 doc04444 1
32 0 doc04493 1
32 0 doc04499 1
32 0 doc04508 1
32 0 doc04531 1
32 0 doc04554 1
32 0 doc04575 1
32 0 doc04578 1
32 0 doc04592 1
32 0 doc04627 1
32 0 doc04640 1
32 0 doc04645 1
32 0 doc04659 1
32 0 doc04670 1
32 0 doc04688 1
32 0 doc04692 1
32 0 doc04693 1
32 0 doc04696 1
32 0 doc04699 1
32 0 doc04700 1
32 0 doc04704 1
32 0 doc04720 1
32 0 doc04728 1
32 0 doc04730 1
32 0 doc04731 1
32 0 doc04733 1
32 0 doc04741 1
32 0 doc04744 1
32 0 doc04749 1
32 0 doc04750 1
32 0 doc04757 1
32 0 doc04770 1
32 0 doc04832 1
32 0 doc04868 1
32 0 doc04884 1
32 0 doc04972 1
32 0 doc04978 1
32 0 doc05029 1
32 0 doc05143 1
32 0 doc05211 1
32 0 doc05259 1
32 0 doc05296 1
32 0 doc05298 1
32 0 doc05399 1
32 0 doc05435 1
32 0 doc05609 1
32 0 doc05689 1
32 0 doc05993 1
32 0 doc06176 1
32 0 doc06183 1
32 0 doc06305 1
32 0 doc06365 1
32 0 doc06373 1
32 0 doc06430 1
32 0 doc06450 1
32 0 doc06483 1
32 0 doc06503 1
32 0 doc06510 1
32 0 doc06553 1
32 0 doc06596 1
32 0 doc06670 1
32 0 doc06682 1
32 0 doc06777 1
32 0 doc07319 1
32 0 doc07581 1
32 0 doc07605 1
32 0 doc07637 1
32 0 doc07686 1
32 0 doc07796 1
32 0 doc07853 1
32 0 doc07994 1
32 0 doc08182 1
32 0 doc08385 1
32 0 doc08422 1
32 0 doc08423 1
32 0 doc08429 1
32 0 doc08453 1
32 0 doc08556 1
32 0 doc08603 1
32 0 doc08789 1
32 0 doc08882 1
32 0 doc08898 1
32 0 doc08899 1
32 0 doc08921 1
32 0 doc08941 1
32 0 doc08942 1
32 0 doc08943 1
32 0 doc08953 1
32 0 doc08954 1
32 0 doc08957 1
32 0 doc08962 1
32 0 doc08965 1
32 0 doc09012 1
32 0 doc09114 1
33 0 doc00165 1
33 0 doc00529 1
33 0 doc00624 1
33 0 doc00880 1
33 0 doc00899 1
33 0 doc01022 1
33 0 doc01190 1
33 0 doc01705 1
33 0 doc02145 1
33 0 doc02158 1
33 0 doc02243 1
33 0 doc02244 1
33 0 doc03050 1
33 0 doc03355 1
33 0 doc03465 1
33 0 doc03489 1
33 0 doc03653 1
33 0 doc03812 1
33 0 doc04130 1
33 0 doc04598 1
33 0 doc05008 1
33 0 doc05071 1
33 0 doc05078 1
33 0 doc05241 1
33 0 doc05410 1
33 0 doc05856 1
33 0 doc06786 1
33 0 doc06829 1
33 0 doc07902 1
33 0 doc08112 1
34 0 doc00078 1
34 0 doc00291 1
34 0 doc00346 1
34 0 doc00414 1
34 0 doc00421 1
34 0 doc00465 1
34 0 doc00537 1
34 0 doc00561 1
34 0 doc00631 1
34 0 doc00647 1
34 0 doc00685 1
34 0 doc00759 1
34 0 doc00766 1
34 0 doc00768 1
34 0 doc00907 1
34 0 doc01018 1
34 0 doc01050 1
34 0 doc01086 1
34 0 doc01172 1
34 0 doc01212 1
34 0 doc01544 1
34 0 doc01731 1
34 0 doc02045 1
34 0 doc02082 1
34 0 doc02114 1
34 0 doc02144 1
34 0 doc02149 1
34 0 doc02190 1
34 0 doc02284 1
34 0 doc02691 1
34 0 doc02692 1
34 0 doc02693 1
34 0 doc02694 1
34 0 doc02695 1
34 0 doc02713 1
34 0 doc02799 1
34 0 doc03149 1
34 0 doc03162 1
34 0 doc03308 1
34 0 doc03310 1
34 0 doc03311 1
34 0 doc03312 1
34 0 doc03502 1
34 0 doc03518 1
34 0 doc03527 1
34 0 doc03544 1
34 0 doc03770 1
34 0 doc03805 1
34 0 doc04195 1
34 0 doc04196 1
34 0 doc04404 1
34 0 doc04408 1
34 0 doc04414 1
34 0 doc04419 1
34 0 doc04556 1
34 0 doc04694 1
34 0 doc04708 1
34 0 doc04776 1
34 0 doc05090 1
34 0 doc05290 1
34 0 doc05612 1
34 0 doc05712 1
34 0 doc05950 1
34 0 doc06404 1
34 0 doc06652 1
34 0 doc06780 1
34 0 doc07281 1
34 0 doc07989 1
34 0 doc08149 1
34 0 doc08604 1
34 0 doc08782 1
34 0 doc09011 1
35 0 doc04010 1
35 0 doc04011 1
35 0 doc04013 1
35 0 doc04340 1
35 0 doc04364 1
35 0 doc04375 1
35 0 doc04904 1
35 0 doc04909 1
35 0 doc05059 1
